
7122500494
7184138471
7200005844
7200113525
7200181814
7200202211
7200203233
7200240801
7200413970
7200444009
7200612361
7200715744
7200731326
7200998128
7204043154
7204117195
7204391423
7204434042
7204539389
7204604077
7204709354
7204759032
7204788976
7204900349
7204927032
7205033199
7205249591
7206194354
7207174835
7207176162
7207185063
7207222027
7207273477
7207276030
7207278853
7207297973
7207299996
7207300207
7207310136
7207323527
7207336210
7207351505
7207364540
7207364808
7207380692
7207386324
7207407417
7207411580
7207416544
7207469561
7207519689
7207550930
7207565717
7207594910
7207608553
7207611032
7207677876
7207733552
7207787442
7207789244
7207789550
7207893922
7207989016
7208079941
7208122716
7208283527
7208433881
7208491406
7208884782
7209768495
7259005650
7259119310
7259277385
7259484931
7259697992
7259697944
7259844857
7259924401
7259927225
7259951265
7275513800
7275690477
7276321464
7276512123
7276652231
7276785424
7277058599
7278127127
7299107167
7299191276
7299356764
7299380590
7299381740
7299382086
7299516651
7299516760
7299519435
7299543369
7299592498
7299666285
7299729329
7299827279
7299962162
7303048168
7303568217
7304163679
7305110493
7305304749
7305753516
7306021369
7306085521
7306093037
7306115479
7306139810
7306180218
7306186471
7306188900
7306202728
7306213860
7306227462
7306231272
7306262008
7306266143
7306270225
7306286110
7306322135
7306361868
7306379740
7306405271
7306413642
7306415687
7306453683
7306455230
7306462668
7306494410
7306495858
7306509900
7306646606
7306685813
7306725535
7306727310
7306861827
7306871615
7306887541
7306893544
7306899116
7306907626
7306955096
7306957187
7307683599
7308153286
7308457330
7350185130
7350362834
7350403152
7350420749
7350863687
7351288896
7353600921
7353606151
7353713587
7353723765
7354883116
7355163502
7359149393
7359270525
7373182601
7373495216
7377333404
7381309815
7381378099
7381411353
7381498302
7382010155
7382012531
7382015592
7382020281
7382039235
7382049869
7382057337
7382078830
7382080795
7382083095
7382090750
7382092449
7382104640
7382125576
7382133035
7382135470
7382148306
7382149800
7382156149
7382181716
7382184254
7382206876
7382210922
7382216716
7382225352
7382226802
7382236953
7382245041
7382251462
7382253720
7382256408
7382269475
7382290499
7382297928
7382316169
7382324558
7382328566
7382341830
7382354620
7382370379
7382377892
7382378040
7382378459
7382390274
7382393501
7382410563
7382419931
7382424034
7382426387
7382434473
7382434892
7382441825
7382446282
7382452519
7382454617
7382456300
7382457783
7382461728
7382472010
7382473033
7382475377
7382475976
7382482976
7382500848
7382502025
7382502029
7382502237
7382519503
7382528107
7382531874
7382537778
7382537812
7382541782
7382547362
7382558482
7382584820
7382611581
7382612719
7382633042
7382633391
7382658506
7382663314
7382684521
7382697631
7382727854
7382745201
7382777561
7382787751
7382808600
7382814420
7382850180
7382851355
7382860838
7382863950
7382867493
7382874325
7382878055
7382888398
7382904880
7382905944
7382919541
7382923450
7383071183
7385495146
7385912352
7386002843
7386062420
7386067423
7386072699
7386073338
7386075677
7386082681
7386091877
7386126617
7386134411
7386146374
7386167479
7386190102
7386193089
7386203513
7386210622
7386250280
7386305804
7386307585
7386307831
7386325227
7386328297
7386351958
7386353907
7386355926
7386359981
7386361046
7386363209
7386366108
7386370719
7386396352
7386437197
7386483899
7386503206
7386506962
7386514138
7386515488
7386525018
7386538079
7386564901
7386595536
7386633406
7386637671
7386643962
7386670663
7386675025
7386676666
7386686416
7386689307
7386699517
7386706727
7386713237
7386715202
7386716992
7386721730
7386723621
7386738809
7386785723
7386785900
7386801891
7386818507
7386838390
7386845708
7386876280
7386876696
7386897018
7386897549
7386913444
7386935875
7386940888
7386945916
7386972503
7386979967
7386998276
7387129257
7387238469
7387421720
7396000544
7396002741
7396003967
7396075099
7396094959
7396120698
7396159144
7396169792
7396219944
7396223086
7396234012
7396253647
7396268834
7396269930
7396278006
7396288717
7396305253
7396323418
7396367939
7396388591
7396390404
7396392301
7396395517
7396412390
7396436896
7396438776
7396439353
7396449887
7396450458
7396462670
7396478082
7396488530
7396492209
7396501888
7396509760
7396520994
7396569805
7396573020
7396578866
7396579528
7396596518
7396597896
7396602452
7396629408
7396631123
7396631336
7396633003
7396637735
7396662138
7396671429
7396682757
7396707653
7396743256
7396745761
7396754905
7396769493
7396779556
7396793772
7396806430
7396817469
7396818937
7396840640
7396852768
7396874969
7396878722
7396885445
7396888052
7396890080
7396909104
7396916047
7396919037
7396939598
7396947879
7396951846
7396955268
7396969202
7396975089
7401232606
7401331528
7401412858
7401417477
7401655857
7405304013
7405402089
7405968339
7406020096
7406044087
7406056074
7406084923
7406109199
7406239460
7406317292
7406399604
7406512534
7406561189
7406601768
7406602043
7406615535
7406828986
7406894579
7406907327
7406954611
7407264168
7407351624
7407565324
7411096376
7411106251
7411178444
7411183698
7411619328
7411660256
7411863119
7415898494
7416102367
7416113790
7416148891
7416159926
7416166093
7416203188
7416203236
7416256315
7416284818
7416332981
7416381962
7416405919
7416416185
7416450401
7416467986
7416484483
7416499005
7416532849
7416575594
7416583242
7416585724
7416589122
7416644318
7416660190
7416665491
7416702927
7416703669
7416708460
7416728114
7416750671
7416756670
7416776014
7416786454
7416787289
7416787382
7416819024
7416823627
7416831071
7416851167
7416870801
7416875769
7416877391
7416921970
7416977787
7418112514
7418260934
7418383776
7418387321
7418429161
7418432975
7418474107
7418525980
7418527001
7418737056
7418758076
7418764521
7418843082
7418877548
7418908201
7418951245
7428175977
7428220920
7428232608
7428522217
7428572314
7428841904
7428972771
7483230307
7483301549
7499465672
7500190754
7502148521
7502512616
7502844870
7504108908
7504308474
7504310275
7504783404
7507099890
7507155879
7507247790
7507294713
7507329345
7507426823
7507774715
7507774901
7507902247
7508178851
7509714527
7549102458
7549110159
7566021035
7566085183
7566510991
7566795209
7568337316
7569009814
7569011787
7569033831
7569055771
7569135496
7569141172
7569156748
7569190209
7569190854
7569191364
7569255386
7569259363
7569272339
7569272708
7569289286
7569296552
7569306950
7569334735
7569340304
7569343770
7569369330
7569393625
7569401194
7569421899
7569425004
7569426343
7569464243
7569464858
7569525739
7569553057
7569583823
7569586387
7569620245
7569646709
7569658339
7569667674
7569690563
7569710143
7569732483
7569775927
7569810470
7569855296
7569910359
7569925536
7569943340
7569970581
7569979514
7569996443
7587157447
7588194712
7588524354
7598888359
7602222673
7602923415
7620480102
7620694079
7639070367
7639276256
7639329028
7639355140
7639355621
7639399266
7639480854
7639487215
7639547281
7639574910
7639715096
7639780899
7639982073
7654118292
7654644278
7665011419
7665147559
7666997025
7667104341
7667404133
7667708636
7676884758
7677816828
7698620677
7702021676
7702029906
7702036708
7702040114
7702052829
7702060258
7702063152
7702071662
7702071936
7702073588
7702076276
7702078974
7702092575
7702099556
7702115053
7702118320
7702128940
7702136423
7702140482
7702155256
7702190496
7702203664
7702205514
7702205964
7702208016
7702209815
7702213961
7702222159
7702226343
7702228187
7702250659
7702264455
7702270633
7702314296
7702328017
7702334032
7702343317
7702343360
7702391231
7702402044
7702416888
7702420371
7702424163
7702437749
7702454142
7702455206
7702472858
7702483263
7702485669
7702487753
7702493349
7702502159
7702502707
7702503737
7702507157
7702514471
7702538331
7702560668
7702567840
7702591212
7702605027
7702612416
7702616149
7702621961
7702630036
7702631418
7702643628
7702648044
7702654438
7702658269
7702664749
7702669697
7702672797
7702676774
7702687650
7702705091
7702710113
7702725560
7702738701
7702749019
7702750685
7702752750
7702757100
7702760362
7702764850
7702767625
7702769148
7702773706
7702790940
7702833610
7702842229
7702842672
7702845291
7702849775
7702854145
7702855715
7702859124
7702870720
7702872083
7702878536
7702889151
7702890559
7702891112
7702894550
7702916574
7702918949
7702933718
7702983043
7702983075
7702985841
7708123565
7708408205
7708619026
7709102425
7709150032
7709175450
7709217478
7709303578
7709344404
7709841020
7709926695
7735255894
7735296700
7736644519
7738074785
7738618103
7738720329
7739800065
7742368794
7742381757
7760030345
7760116241
7760202615
7760264284
7760282402
7760360657
7760477579
7760563577
7760678141
7760681567
7760809904
7760815248
7760887390
7760945562
7783056266
7783080986
7791806369
7793935788
7793949056
7794046262
7794052930
7794064642
7794843832
7794844606
7794845052
7794845670
7794857652
7794864863
7794885342
7794908954
7794919181
7794934940
7794973637
7794993587
7795157525
7795216165
7795433824
7795553803
7795611743
7795710478
7795755895
7795863662
7795929609
7797684273
7798152996
7798545723
7798747466
7798999377
7799021517
7799036575
7799067978
7799071373
7799075320
7799088131
7799094125
7799101452
7799112268
7799112753
7799138038
7799146689
7799154456
7799159297
7799170223
7799189559
7799207245
7799234891
7799244431
7799251590
7799253766
7799256298
7799263278
7799283974
7799296897
7799328418
7799339643
7799346856
7799367434
7799368550
7799369445
7799369782
7799384240
7799419457
7799492423
7799493712
7799501179
7799521141
7799546947
7799551387
7799574632
7799593834
7799606869
7799616757
7799626613
7799644329
7799664527
7799671155
7799680480
7799687800
7799820488
7799827306
7799841014
7799861523
7799865078
7799877216
7801013947
7801015896
7801031750
7801057657
7801063095
7810055100
7811849821
7814833689
7817885531
7827222468
7827566937
7827695650
7827698756
7828633552
7829083539
7829127888
7829144550
7829169037
7829190932
7829246312
7829265775
7829318991
7829502002
7829535932
7829592949
7829663293
7829668132
7829747803
7829758562
7829780706
7829811209
7830961982
7837963473
7838458698
7840865390
7841035487
7841080479
7842000790
7842029980
7842037919
7842053244
7842061385
7842062344
7842064225
7842113995
7842136892
7842142540
7842169621
7842174338
7842184863
7842187217
7842192260
7842220289
7842230236
7842235619
7842269320
7842271834
7842286179
7842299259
7842312546
7842312972
7842330801
7842347520
7842366296
7842379787
7842470180
7842492166
7842495119
7842495669
7842509481
7842525948
7842559479
7842569939
7842638688
7842659819
7842662422
7842698398
7842701644
7842718499
7842718951
7842745897
7842760307
7842785115
7842843156
7842847995
7842903995
7844937015
7845048297
7845049425
7845248043
7845249560
7845266369
7845270773
7845401021
7845410429
7845545327
7845583921
7845609872
7845650754
7845662703
7845664993
7845804259
7845848592
7845915080
7845983742
7846014115
7847089417
7857909738
7864953254
7869294775
7871481782
7872071506
7872802081
7872891836
7872985892
7872989032
7873126177
7873396641
7873487294
7874524067
7875468534
7875496068
7875592132
7875630281
7875918463
7877901663
7890344234
7890771236
7891926854
7893002356
7893005431
7893017634
7893023151
7893026710
7893034072
7893048305
7893057167
7893057499
7893057615
7893077187
7893098410
7893101641
7893114362
7893115738
7893124157
7893139141
7893139656
7893143697
7893147549
7893157154
7893165990
7893171059
7893172975
7893194136
7893197629
7893199136
7893200158
7893202700
7893203583
7893211764
7893219318
7893232152
7893237837
7893242148
7893244136
7893246327
7893263376
7893266046
7893287688
7893329631
7893338852
7893344061
7893350535
7893367024
7893374721
7893377994
7893378631
7893385114
7893405210
7893423668
7893458124
7893464954
7893467839
7893473378
7893488451
7893501192
7893504977
7893530381
7893534296
7893545896
7893550978
7893560864
7893567041
7893572848
7893573785
7893595762
7893604421
7893611940
7893627320
7893665265
7893669301
7893670937
7893684257
7893685201
7893694330
7893698938
7893700522
7893702731
7893703741
7893706534
7893711647
7893728944
7893735316
7893742519
7893743600
7893746438
7893785951
7893790359
7893792341
7893798005
7893799849
7893816577
7893862121
7893868938
7893871770
7893871867
7893873453
7893875202
7893895265
7893905321
7893929505
7893932688
7893936609
7893987269
7893989527
7893990956
7894518934
7894522539
7894640200
7894745232
7894836535
7896660024
7897786707
7897943052
7898462258
7898677752
7898835791
7898976737
7899047928
7899335708
7899336682
7899790162
7899868499
7899888243
7899994000
7966611572