
8000957854
8001109510
8001231762
8002219624
8002413938
8002478302
8003399976
8003596149
8006444414
8006487612
8007237061
8007569769
8007580021
8007775865
8007775690
8007856155
8008014593
8008016056
8008023524
8008047617
8008068399
8008070828
8008077165
8008077175
8008087892
8008089442
8008089967
8008092812
8008108830
8008134618
8008137617
8008145449
8008156603
8008184124
8008185033
8008185733
8008190192
8008194301
8008209980
8008253881
8008255591
8008265748
8008291261
8008301809
8008311036
8008315481
8008325176
8008333598
8008341571
8008357882
8008368622
8008382285
8008382853
8008396445
8008396911
8008407659
8008429912
8008454263
8008484102
8008497149
8008509408
8008519792
8008526223
8008528014
8008534840
8008546108
8008549691
8008563016
8008566120
8008566907
8008567554
8008585282
8008585841
8008599722
8008600866
8008602594
8008603393
8008616227
8008633027
8008633575
8008633968
8008634283
8008634961
8008649043
8008653754
8008659409
8008663866
8008672061
8008675382
8008678133
8008678184
8008693946
8008697080
8008700341
8008703069
8008727109
8008738754
8008753769
8008758846
8008762550
8008792359
8008796189
8008798852
8008800089
8008800136
8008824201
8008830050
8008833967
8008839145
8008852393
8008854773
8008893163
8008898570
8008907961
8008923014
8008923866
8008931533
8008948996
8008954176
8008955522
8008964250
8008994502
8008995059
8008997549
8010477961
8010586098
8010605028
8012690516
8013293221
8015125826
8015165691
8015215262
8015217382
8015299822
8015307843
8015380345
8015518508
8015596328
8015622017
8015652396
8015899174
8015913612
8015963683
8017242334
8018004643
8018226211
8018352765
8018376507
8018459653
8018515331
8018786183
8019127350
8019136733
8019137101
8019145507
8019146716
8019184672
8019201395
8019233013
8019283879
8019296283
8019302428
8019304556
8019336579
8019356169
8019400795
8019407614
8019410207
8019469009
8019495122
8019549802
8019599931
8019601904
8019604494
8019634240
8019644998
8019662532
8019662617
8019686770
8019692952
8019698174
8019698524
8019726039
8019750393
8019764828
8019779909
8019794686
8019795116
8019817402
8019829244
8019848458
8019849948
8019867884
8019906871
8019911204
8019937120
8019957527
8019958675
8019962810
8019968546
8019983393
8019987274
8019987708
8019999306
8023384493
8025522840
8025900490
8025915562
8026680682
8026697420
8030950664
8032212651
8032568553
8040816700
8041314762
8041321836
8041663822
8042168949
8043461240
8049361356
8050001859
8050056033
8050197477
8050199215
8050274552
8050429850
8050530187
8050675596
8050689850
8050789369
8050797217
8050800394
8050825628
8050827870
8051120767
8051131934
8051361038
8052052007
8054170198
8054601189
8054937058
8055872374
8055904818
8056057994
8056087813
8056114850
8056210118
8056230272
8056355967
8056749643
8056951878
8064444415
8065471702
8067139410
8067481303
8069937364
8080021712
8080770577
8081822009
8084176952
8084476598
8084700586
8086471796
8086578511
8087429177
8087871409
8088288088
8088859644
8089458900
8090424387
8092291148
8093329732
8093402559
8093414110
8094135411
8094499532
8095017992
8095160194
8095169585
8095323201
8095326538
8095390382
8095392113
8095397196
8095400862
8095411077
8095453546
8095561524
8095619513
8095628647
8095763409
8095802688
8095804531
8095993161
8096011370
8096012156
8096017738
8096019845
8096031160
8096035093
8096042420
8096056622
8096064130
8096065960
8096093845
8096116104
8096123651
8096124625
8096130510
8096130814
8096139285
8096140215
8096141218
8096144729
8096147510
8096151165
8096163819
8096168950
8096177241
8096189903
8096191566
8096198838
8096199653
8096206128
8096238193
8096244249
8096257923
8096264607
8096274945
8096285215
8096287813
8096290071
8096290709
8096302420
8096302481
8096313980
8096314866
8096323703
8096331137
8096331957
8096332685
8096342645
8096342811
8096347443
8096363462
8096367897
8096390614
8096396688
8096404329
8096419834
8096425115
8096433657
8096435755
8096445748
8096445844
8096447268
8096450796
8096454705
8096474101
8096478260
8096495628
8096496471
8096507992
8096571396
8096572731
8096577573
8096598461
8096608010
8096632123
8096637596
8096647353
8096654896
8096672365
8096672982
8096677357
8096690134
8096691006
8096700101
8096707337
8096735590
8096739245
8096790133
8096790190
8096797620
8096812837
8096818940
8096824626
8096826491
8096838695
8096840721
8096858356
8096896377
8096902833
8096922312
8096946535
8096960046
8096973529
8096977901
8096994724
8096995308
8096999045
8097227475
8097373746
8098149050
8098151152
8098399731
8098525856
8098559588
8098591942
8098788762
8098791830
8098792136
8098792291
8098795260
8098802630
8098963665
8099072727
8099080869
8099085416
8099109599
8099146566
8099147007
8099189595
8099212988
8099224300
8099260805
8099266608
8099282932
8099314071
8099318094
8099335288
8099390830
8099406944
8099573837
8099665303
8099666740
8099681622
8099683748
8099695890
8099705304
8099743553
8099750603
8099762595
8099763494
8099783832
8099829577
8099848092
8099889545
8099942765
8099955807
8099965566
8099969440
8099983917
8101136626
8101619647
8101660444
8102555769
8102607057
8102802421
8103202775
8104437950
8105034168
8105034164
8105112146
8105334860
8105412192
8105757450
8106012300
8106014983
8106027673
8106030805
8106043087
8106043457
8106051623
8106051877
8106054971
8106066523
8106073623
8106079015
8106082204
8106101134
8106109552
8106120967
8106125862
8106131191
8106154103
8106154974
8106171793
8106183549
8106187573
8106197598
8106202429
8106204945
8106208707
8106211058
8106211985
8106231603
8106235917
8106244159
8106249166
8106253081
8106256199
8106256657
8106264900
8106283293
8106296887
8106332213
8106333782
8106336787
8106350577
8106371129
8106374521
8106383375
8106385553
8106389040
8106424464
8106435391
8106473186
8106514828
8106522279
8106533754
8106534979
8106542773
8106545726
8106556365
8106558071
8106561722
8106566467
8106591188
8106610762
8106612868
8106623481
8106628989
8106635784
8106640315
8106653214
8106678452
8106678907
8106689481
8106719021
8106721499
8106734709
8106738593
8106741982
8106761838
8106763705
8106768626
8106783720
8106783919
8106790347
8106790482
8106797730
8106803831
8106826852
8106828485
8106836484
8106839269
8106843904
8106843972
8106847997
8106849242
8106852732
8106858048
8106863013
8106863040
8106868444
8106871297
8106877548
8106898784
8106905653
8106906728
8106907753
8106909138
8106915011
8106920328
8106922423
8106923127
8106926116
8106959423
8106974240
8106988505
8106997700
8107262949
8107347617
8108006026
8108118038
8108228185
8108580303
8108925815
8115895703
8116132566
8116842564
8121005469
8121018156
8121034742
8121036159
8121038878
8121096344
8121116877
8121134523
8121139515
8121164116
8121167508
8121170506
8121186932
8121203155
8121204199
8121219868
8121246399
8121266863
8121284826
8121292709
8121303707
8121305707
8121307757
8121315345
8121353542
8121357636
8121358385
8121391883
8121393960
8121417021
8121417620
8121426620
8121436657
8121463928
8121480939
8121493155
8121520175
8121524062
8121538522
8121578507
8121618208
8121638911
8121684987
8121685441
8121687282
8121701465
8121725919
8121732403
8121746657
8121747785
8121750103
8121832870
8121871563
8121918062
8121932385
8121957729
8121973872
8122070865
8122191659
8122332257
8122389536
8122515529
8122521376
8122530584
8122603601
8122750758
8122776575
8122841504
8122875173
8122910341
8123035085
8123038063
8123245056
8123333345
8123371690
8123423166
8123474056
8123515310
8123581664
8123624670
8123670561
8123693336
8123694575
8123711095
8123852565
8123865123
8123894424
8124042587
8124193769
8124377610
8124424311
8124500293
8124777377
8125021974
8125028469
8125048561
8125075460
8125091052
8125104550
8125116833
8125119693
8125120492
8125150423
8125188531
8125191865
8125208723
8125209560
8125210549
8125247337
8125256508
8125279659
8125298137
8125299742
8125308010
8125326719
8125365503
8125373332
8125423659
8125424365
8125432072
8125467947
8125500608
8125515915
8125520205
8125531405
8125531505
8125532002
8125555336
8125562188
8125583863
8125598554
8125634635
8125659560
8125664476
8125704652
8125708236
8125710086
8125720474
8125724396
8125730042
8125743413
8125745101
8125852710
8125873429
8125889788
8125917715
8125925572
8125939233
8125940299
8125956685
8125965603
8125976530
8125983006
8128045216
8129609487
8137282069
8140282202
8140499381
8141778223
8142069536
8142079487
8142091959
8142113900
8142144772
8142213143
8142239086
8142242908
8142244013
8142252697
8142257106
8142257573
8142267465
8142273910
8142274109
8142275473
8142281628
8142287675
8142298188
8142302421
8142310196
8142313191
8142335422
8142340990
8142356846
8142371679
8142373835
8142380255
8142417735
8142422593
8142439336
8142449687
8142479277
8142488900
8142489863
8142512337
8142513038
8142518193
8142518698
8142523905
8142524336
8142530805
8142543354
8142565751
8142567014
8142567766
8142568157
8142570495
8142571856
8142572518
8142626200
8142642129
8142647645
8142667904
8142673404
8142677293
8142685646
8142691833
8142694215
8142721353
8142732599
8142740226
8142743580
8142745180
8142750663
8142765422
8142775001
8142779734
8142788979
8142797647
8142810901
8142819804
8142828062
8142846496
8142853833
8142854905
8142856157
8142858083
8142860226
8142860891
8142861137
8142861858
8142862908
8142871466
8142872675
8142875161
8142880610
8142881341
8142881691
8142882735
8142882904
8142896799
8142899415
8142914474
8142918110
8142923910
8142924881
8142935254
8142943663
8142951088
8142954390
8142984172
8142985320
8143008296
8143041615
8143131373
8143135512
8143138287
8143139466
8143140450
8143166594
8143169411
8143194432
8143208522
8143212254
8143229562
8143234535
8143244582
8143261027
8143302008
8143308093
8143320400
8143331172
8143333732
8143349969
8143355835
8143359178
8143362447
8143371444
8143398260
8143410422
8143432157
8143434017
8143515183
8143515441
8143516433
8143553747
8143568909
8143576508
8143601301
8143606599
8143626703
8143629846
8143642364
8143657483
8143667061
8143669630
8143678905
8143688386
8143690236
8143692919
8143705074
8143714190
8143724606
8143742168
8143777205
8143778771
8143787885
8143813968
8143826720
8143858668
8143860290
8143870757
8143880820
8143880841
8143895388
8143902203
8143946186
8143949925
8143959695
8144321146
8144322464
8144374919
8144378433
8144430303
8144474465
8144763025
8144788031
8144940774
8144996971
8145973660
8146401385
8147121720
8147220281
8147253661
8147330259
8147439985
8147458995
8147669362
8147701885
8147734228
8147790401
8147847291
8147928405
8148072624
8148267672
8148319822
8148359876
8148374200
8148397216
8148837821
8148852546
8148900441
8149126585
8149284015
8149472598
8149998769
8150858577
8150901820
8151946464
8153894074
8170806391
8170945913
8172231378
8179013604
8179022470
8179026549
8179027715
8179035039
8179037291
8179049121
8179052193
8179095333
8179107953
8179111256
8179118887
8179121315
8179146740
8179162504
8179163547
8179166479
8179174416
8179183992
8179192985
8179192994
8179229351
8179233275
8179245059
8179278384
8179290878
8179307619
8179319907
8179321683
8179326449
8179335399
8179338424
8179351530
8179352422
8179367246
8179375178
8179389253
8179391884
8179402590
8179407812
8179414139
8179424142
8179427951
8179431110
8179440163
8179440494
8179443827
8179465974
8179474742
8179486635
8179495896
8179513395
8179514414
8179518091
8179524337
8179533110
8179540006
8179555769
8179571304
8179577526
8179577965
8179579948
8179583557
8179596401
8179600468
8179603093
8179609792
8179618534
8179620909
8179628064
8179638386
8179643458
8179649975
8179651159
8179657826
8179661049
8179662086
8179670032
8179682181
8179682827
8179707008
8179707795
8179715686
8179719071
8179721126
8179725372
8179739103
8179762348
8179811325
8179811980
8179826156
8179830047
8179832872
8179840711
8179846042
8179852364
8179861737
8179865117
8179866561
8179870778
8179879628
8179904547
8179916459
8179926431
8179927160
8179942940
8179944167
8179944576
8179948456
8179950534
8179951806
8179969885
8179975609
8179988937
8184824628
8184830914
8184833947
8184837328
8184876687
8184906564
8184916552
8184969612
8185006904
8185038360
8185066048
8185072251
8185079796
8185080735
8185081038
8185090957
8185819341
8185823308
8185840439
8185843027
8185849151
8185875699
8185882472
8185887370
8185889435
8185889633
8185898296
8185900435
8185908236
8185914294
8185916838
8185942561
8185966382
8185999141
8186003831
8186024476
8186032721
8186036616
8186047991
8186064903
8186072937
8186099939
8186800219
8186806320
8186810267
8186819350
8186830012
8186864343
8186882068
8186895121
8186899174
8186917837
8186925880
8186927411
8186929318
8186939133
8186943266
8186946726
8186967009
8186990361
8187000389
8187001278
8187012672
8187016207
8187042166
8187054877
8187070272
8187072413
8187081343
8187089218
8187808003
8187814159
8187858699
8187880120
8187881370
8189855967
8197076596
8197130309
8197330911
8197447992
8197690796
8197697631
8220070376
8220166516
8220170484
8220337823
8220512534
8220640788
8220657488
8220851989
8226993013
8227056988
8234987714
8235376210
8237400171
8237419182
8237487803
8237978488
8246660451
8246660482
8246660500
8252136633
8252778114
8260151216
8260493442
8260625344
8260831688
8260881791
8270867880
8271764948
8273273296
8275184236
8275343894
8277174333
8277388716
8277400645
8280104998
8280180260
8281597637
8285589654
8285598527
8285648735
8285691355
8286561128
8286810240
8287119258
8290358547
8290676771
8290764281
8290977199
8291462150
8294118835
8294456684
8294688298
8294991300
8295961160
8297002982
8297008041
8297020603
8297027984
8297030915
8297032371
8297037515
8297038452
8297039771
8297043742
8297054304
8297060205
8297070519
8297098218
8297113281
8297123261
8297140675
8297167610
8297174977
8297179968
8297192684
8297213545
8297225292
8297226584
8297229439
8297238562
8297254581
8297256921
8297257945
8297259074
8297287367
8297313088
8297318480
8297318579
8297327481
8297353402
8297356072
8297361409
8297371013
8297372207
8297381646
8297391135
8297415166
8297439663
8297440649
8297457140
8297462722
8297464020
8297468250
8297482366
8297486750
8297526348
8297528805
8297548504
8297548566
8297551971
8297553127
8297553150
8297553173
8297553427
8297553730
8297554119
8297554193
8297554296
8297554344
8297554391
8297554367
8297554548
8297572122
8297583620
8297589381
8297610365
8297617796
8297626581
8297631465
8297640769
8297647690
8297676654
8297690021
8297691536
8297697572
8297719960
8297727254
8297729510
8297747351
8297749368
8297756834
8297788319
8297796942
8297798507
8297812823
8297819516
8297837703
8297844912
8297845531
8297846258
8297847221
8297847379
8297847632
8297847761
8297849074
8297849057
8297849572
8297849620
8297849670
8297849673
8297849711
8297849825
8297850932
8297850979
8297850984
8297852512
8297868030
8297874144
8297899761
8297909169
8297912722
8297928806
8297946079
8297964597
8297969973
8297977249
8297991279
8297997859
8298283305
8298311754
8303177896
8308047647
8308160337
8314205080
8314215100
8326645555
8326715858
8330912898
8330913778
8330919143
8330920791
8330924006
8330931083
8330948147
8330976455
8330990190
8331029902
8331033028
8331035346
8331045850
8331051621
8331056008
8331056901
8331064866
8331065626
8331069527
8331077123
8331079198
8331081649
8331084176
8331087950
8331088771
8331986536
8331994452
8334831280
8338093501
8338095988
8338097248
8338817702
8338841621
8338893095
8338985011
8339955018
8341026677
8341028858
8341039232
8341054101
8341054258
8341061213
8341063996
8341064604
8341070767
8341081916
8341083409
8341084467
8341140783
8341141419
8341153138
8341173460
8341175928
8341201717
8341204502
8341213533
8341225964
8341243555
8341256896
8341258255
8341267345
8341277652
8341288559
8341308041
8341310842
8341319418
8341335724
8341344964
8341349319
8341364590
8341381385
8341442517
8341457966
8341461511
8341490543
8341503440
8341514460
8341550603
8341564991
8341579883
8341595621
8341602077
8341618768
8341631251
8341637117
8341647395
8341671247
8341684687
8341690842
8341704489
8341724768
8341733834
8341764176
8341790578
8341790989
8341791661
8341791689
8341832328
8341833365
8341846090
8341880111
8341909016
8341917862
8341919055
8341925288
8341940383
8341942875
8341945808
8341978042
8341987974
8341995456
8341995483
8342867058
8342976150
8342982771
8343962398
8345035113
8347952575
8349996665
8370950362
8374004492
8374009710
8374019526
8374023511
8374025657
8374027810
8374042105
8374045236
8374050415
8374051732
8374061628
8374067100
8374082198
8374084658
8374090779
8374120828
8374126412
8374129700
8374129777
8374131210
8374136964
8374139589
8374154179
8374154310
8374159274
8374160740
8374163226
8374169441
8374185109
8374187218
8374192557
8374205564
8374211338
8374217415
8374227763
8374233248
8374234694
8374240346
8374240445
8374247056
8374262965
8374269741
8374279942
8374302701
8374312446
8374326602
8374326971
8374330426
8374339093
8374345824
8374370597
8374373643
8374386948
8374387073
8374398412
8374403059
8374423541
8374430324
8374431165
8374432236
8374435347
8374436763
8374445437
8374458137
8374458337
8374458910
8374490299
8374491948
8374497277
8374497671
8374504064
8374532421
8374533117
8374534328
8374541595
8374554382
8374554498
8374556638
8374562827
8374571156
8374582396
8374583602
8374588578
8374609731
8374612589
8374616141
8374633851
8374635275
8374666456
8374695922
8374699576
8374703634
8374712313
8374715562
8374716389
8374723965
8374725698
8374726399
8374728761
8374734233
8374749418
8374755467
8374772463
8374800062
8374802144
8374804385
8374826363
8374826825
8374830753
8374832210
8374835694
8374838390
8374840773
8374856795
8374870932
8374875181
8374900778
8374900930
8374913273
8374918725
8374920873
8374936687
8374957054
8374960540
8374963794
8374978315
8374995842
8378056802
8378876575
8379077304
8379085149
8380815941
8380863800
8382003393
8382645449
8383256468
8390020060
8390086382
8390112462
8390315128
8390423381
8390472494
8390933252
8390965565
8391984714
8392266864
8392267020
8392917849
8396053730
8400456600
8401898002
8401921570
8407092717
8407821680
8408976609
8409204545
8411275069
8411804985
8411874533
8412099922
8413401694
8414206009
8414868539
8414872280
8415275999
8415806896
8415867391
8416254893
8421223294
8421309893
8421317706
8421336715
8424856843
8431134707
8431427559
8431911527
8432647445
8432873061
8438211378
8438496488
8438553080
8438560476
8438584724
8438914616
8438930953
8438960388
8441277677
8445459791
8446252236
8446486594
8447373673
8447411819
8449718821
8453068272
8453225645
8453345712
8453640644
8453741819
8455287462
8455287761
8455808248
8457322107
8457845613
8457924250
8457931477
8459004336
8459510105
8460063073
8462287471
8462311304
8463274001
8463905160
8463907631
8463907704
8463925310
8463938397
8463952037
8463980060
8463985078
8463990266
8463998515
8464003206
8464037630
8464069194
8464084996
8464093749
8464094945
8464803880
8464809090
8464810117
8464818096
8464822805
8464826486
8464827584
8464832033
8464838021
8464854615
8464859235
8464861107
8464862818
8464889438
8464911250
8464926511
8464956234
8464984460
8465004148
8465038682
8465058350
8465060248
8465075771
8465076681
8465092410
8465813643
8465820952
8465821283
8465824976
8465834210
8465836159
8465838824
8465839765
8465855363
8465856779
8465869419
8465877924
8465893001
8465893894
8465907349
8465936754
8465969434
8465973943
8465982358
8465987418
8465991869
8465997605
8466002972
8466014826
8466036966
8466055162
8466058974
8466070396
8466073717
8466076186
8466080468
8466088288
8466097158
8466810368
8466814562
8466830749
8466853809
8466855607
8466858627
8466862663
8466864289
8466880144
8466886048
8466907749
8466912548
8466923299
8466926469
8466933485
8466936351
8466941809
8466952234
8466952457
8466982334
8468224205
8468944605
8468989444
8469009038
8469953680
8471098575
8479846503
8482222143
8482225386
8483026379
8483984687
8484005731
8486001635
8487057002
8489315776
8489419997
8489427052
8489428175
8489563543
8489736424
8489772194
8489848168
8489851619
8489940202
8493200183
8493288089
8494820709
8494855990
8495090670
8495092005
8496098039
8496824719
8496869488
8496869626
8496931678
8496960549
8497910756
8497911439
8497941086
8497945791
8498063687
8498068012
8498077952
8498088634
8498091768
8498800921
8498804558
8498804768
8498816241
8498818667
8498831147
8498867078
8498881941
8498882810
8498894472
8498897665
8498912317
8498913915
8498934184
8498944961
8498945606
8498965619
8498971934
8499004180
8499011997
8499012496
8499028022
8499030761
8499046459
8499050495
8499063207
8499063490
8499065473
8499084414
8499094945
8499098348
8499802199
8499811910
8499837012
8499843225
8499847349
8499855332
8499855672
8499856261
8499867496
8499868857
8499870258
8499875549
8499878475
8499880415
8499890124
8499892109
8499903750
8499906570
8499912754
8499915610
8499937756
8499943827
8499962189
8499962470
8499966101
8499990497
8499997103
8500001947
8500007437
8500008913
8500009214
8500009790
8500014456
8500053306
8500059116
8500063156
8500065460
8500077296
8500084994
8500096267
8500108450
8500137132
8500178143
8500193579
8500202850
8500224408
8500228984
8500244402
8500247981
8500260837
8500268826
8500270831
8500278810
8500279109
8500279505
8500286099
8500288320
8500289948
8500314823
8500324230
8500325961
8500341089
8500352590
8500363633
8500378465
8500381093
8500389587
8500393110
8500411196
8500413080
8500418648
8500438272
8500441721
8500441934
8500444537
8500452209
8500458814
8500495305
8500498582
8500505622
8500508322
8500515614
8500522379
8500524159
8500563970
8500587885
8500623993
8500633482
8500664861
8500708897
8500710043
8500712511
8500714758
8500715372
8500716389
8500723547
8500743827
8500762163
8500771147
8500785422
8500791186
8500792092
8500793275
8500810813
8500813705
8500842830
8500843230
8500854560
8500873266
8500874171
8500893933
8500923540
8500928516
8500968048
8500994744
8501034760
8501061764
8501067998
8501086793
8501089959
8501092337
8501803848
8501812837
8501844502
8501859898
8501866886
8501887910
8501889186
8501898948
8501907944
8501920007
8501946212
8501993160
8501999151
8506287532
8507162701
8508234006
8512230669
8512254674
8515268530
8517091377
8518019249
8518960376
8519828258
8519831734
8519855707
8519858532
8519861342
8519889565
8519891115
8519913084
8519931305
8519942736
8519949381
8519950441
8519973167
8519973492
8519975917
8519989405
8519999728
8520013302
8520028063
8520046718
8520054447
8520226800
8520834167
8520889447
8520896922
8520912569
8520923939
8520967447
8520975212
8520984919
8520990742
8520999189
8521403682
8521862489
8522009213
8522011062
8522014908
8522047922
8522063254
8522081444
8522086672
8522090299
8522091151
8522805093
8522826274
8522827869
8522839521
8522843448
8522850374
8522870523
8522873541
8522900547
8522925834
8522955590
8522978232
8522978383
8522985652
8523001691
8523060821
8523065367
8523067616
8523093279
8523812345
8523822295
8523826912
8523839734
8523848521
8523851191
8523884676
8525939832
8527223292
8530494430
8532889157
8532890100
8542232769
8542321900
8547331504
8547996291
8548850254
8549854488
8551940301
8552054299
8552806817
8552809654
8552965621
8553032755
8553136540
8553165565
8553301049
8553545869
8553549726
8553703279
8553941212
8554272031
8554277249
8555283273
8556220627
8556226056
8563002851
8563031545
8571225959
8572229393
8573287241
8578288065
8578850500
8583203055
8586976269
8587085478
8587953681
8592240149
8592812776
8592814409
8592988720
8593042216
8593047257
8594994104
8595063564
8595088848
8595102144
8595222147
8595295370
8595444783
8596223666
8598870349
8598976987
8599899566
8600514582
8600693748
8600790958
8601928164
8603731576
8605380981
8605464521
8605467569
8606219467
8606578776
8608266952
8608417242
8608644361
8608668178
8609921813
8612301822
8612302255
8612329138
8616624352
8622252906
8622280928
8623247000
8623902033
8624214559
8624324187
8625007137
8632252151
8632285339
8640244396
8640870826
8641257203
8641280230
8642278267
8642932226
8643329594
8644273105
8648249072
8650137094
8651769204
8652583390
8652713966
8652776883
8655098456
8655189663
8658067038
8658262804
8658337669
8658358335
8658443681
8658600671
8658741993
8662083299
8662400637
8662414488
8662415088
8662437782
8662476894
8662535024
8663254521
8666614701
8672233277
8672241302
8673257509
8674273675
8674321896
8677074881
8677225858
8677284235
8677285647
8678275479
8678283256
8680825526
8680862313
8680899264
8680957896
8680985628
8681017243
8681943595
8681964624
8682990881
8683250031
8683282134
8684325980
8685243207
8686009320
8686014993
8686032180
8686058586
8686065207
8686113893
8686130152
8686138858
8686162356
8686201776
8686216504
8686221932
8686229922
8686257022
8686333762
8686360928
8686370864
8686386565
8686419305
8686426824
8686434619
8686440317
8686445182
8686446145
8686461384
8686534836
8686557729
8686561041
8686563030
8686619576
8686623130
8686643479
8686648900
8686658410
8686696865
8686710981
8686714245
8686717376
8686732637
8686772334
8686773309
8686787335
8686847636
8686860973
8686903578
8686904115
8686923041
8686947709
8686980895
8686982487
8686983942
8687806693
8688007002
8688021325
8688040525
8688043582
8688052408
8688059353
8688059953
8688069327
8688088821
8688101705
8688130998
8688135644
8688141389
8688156601
8688173287
8688184873
8688247582
8688253074
8688261163
8688272473
8688278534
8688278767
8688278932
8688311439
8688319159
8688336448
8688373994
8688380277
8688381626
8688396592
8688397826
8688410055
8688416185
8688419294
8688420712
8688446547
8688462609
8688479694
8688489900
8688511774
8688547550
8688560946
8688565094
8688594831
8688604120
8688626375
8688629674
8688647856
8688682699
8688682852
8688707031
8688721963
8688727794
8688732289
8688744262
8688764996
8688773048
8688779772
8688811398
8688820865
8688823581
8688843802
8688908938
8688910090
8688925738
8688933332
8688942211
8688971152
8688978716
8690466844
8691806632
8692832839
8693040112
8694018897
8694058740
8695332652
8695622486
8695677178
8698021088
8698182611
8698232108
8698732355
8698812716
8698925079
8699274746
8702865161
8703202395
8703268610
8703297210
8706992233
8710933677
8711091899
8712106385
8712125066
8712125194
8712150648
8712173362
8712181157
8712188617
8712190273
8712225829
8712238712
8712243702
8712261942
8712266126
8712271370
8712281690
8712285010
8712304587
8712334759
8712365363
8712806797
8712841655
8712858105
8712883692
8712928797
8713839081
8714925995
8716321682
8718887801
8721936079
8722295351
8722391057
8722659137
8722745894
8724222491
8727872638
8732220879
8735240300
8736258187
8739238771
8742220416
8744243902
8744252525
8746072402
8746222988
8746800909
8746903105
8747072410
8747892277
8747983879
8748948880
8748957822
8749009278
8749079472
8754049865
8754417874
8754485855
8754584590
8757070961
8757222623
8757604910
8757715183
8762306540
8762924927
8763233786
8763415027
8763458805
8763996266
8764066530
8768460188
8768657480
8769642436
8772230307
8772250127
8772273686
8776669698
8782210442
8782255942
8782275912
8783293641
8790001289
8790021354
8790020598
8790023188
8790038816
8790044215
8790065880
8790065964
8790071742
8790083393
8790105473
8790115970
8790120438
8790126381
8790133909
8790135684
8790139374
8790140101
8790140481
8790149647
8790160627
8790162274
8790164013
8790172486
8790177061
8790178841
8790207614
8790225986
8790230171
8790244281
8790246350
8790249113
8790250031
8790254499
8790261674
8790266781
8790294750
8790298660
8790301491
8790308898
8790311967
8790315669
8790320306
8790324492
8790345766
8790346386
8790354525
8790360034
8790368542
8790368799
8790379680
8790393531
8790415122
8790416385
8790437828
8790443256
8790450920
8790451586
8790453681
8790464848
8790472541
8790484903
8790494272
8790502399
8790507844
8790510026
8790514801
8790516892
8790546059
8790546944
8790559398
8790577101
8790587405
8790588556
8790596497
8790610890
8790611891
8790673722
8790692268
8790723552
8790743437
8790747229
8790755126
8790757247
8790758938
8790759749
8790764833
8790765078
8790775039
8790785350
8790801288
8790811892
8790823148
8790839738
8790843962
8790847825
8790855198
8790857740
8790873169
8790878940
8790885433
8790885821
8790891509
8790900281
8790900406
8790906851
8790909904
8790914716
8790920265
8790920815
8790931479
8790937324
8790947632
8790976728
8790998653
8790999397
8792208226
8792356265
8792377842
8792408205
8792588097
8792601428
8792879982
8792986316
8793163647
8793351548
8793416759
8793783729
8794245988
8795226514
8797494604
8798387956
8800398884
8801004582
8801017757
8801032434
8801103950
8801119301
8801120158
8801121887
8801147587
8801210538
8801230489
8801243415
8801275191
8801335274
8801345583
8801345658
8801345797
8801346292
8801354005
8801370534
8801375012
8801375202
8801387195
8801406990
8801410771
8801412306
8801432057
8801461169
8801473006
8801491757
8801515704
8801516497
8801517515
8801551194
8801551560
8801553843
8801587133
8801631159
8801634828
8801670863
8801700032
8801722879
8801751392
8801764000
8801809107
8801838646
8801865638
8801897230
8801901011
8801927987
8801940128
8801947779
8801948099
8801992181
8802293783
8802913239
8802967275
8804779001
8805096099
8805488563
8805877575
8806270722
8806297763
8806330077
8806338463
8806417893
8806444677
8806734184
8806856465
8807039503
8807291664
8807303087
8807490889
8807537949
8807547418
8807586102
8807596295
8807606031
8807606451
8807876082
8807957926
8808609377
8809533727
8813223675
8813281507
8814254828
8814284244
8816222208
8816222286
8816250358
8816251454
8816257537
8817663528
8817725936
8818235682
8818272103
8818283262
8819220376
8819228937
8819255752
8819256052
8819276900
8819283435
8822142262
8822190177
8823222347
8826204478
8827288280
8827748609
8829210410
8832417483
8832431796
8832454044
8832461420
8832471750
8832490099
8832496116
8833206198
8842310740
8842345698
8842346138
8842355717
8842363948
8842392673
8842396551
8852238912
8856054358
8856076853
8856230891
8856231528
8856232950
8856234420
8856234627
8856250908
8856278184
8857054104
8857804927
8859144237
8860695841
8860933498
8861077999
8861117060
8861175794
8861194972
8861408293
8861423033
8861477246
8861535601
8861608829
8861665333
8861676437
8861694710
8861712098
8861726849
8861795153
8861935655
8862064235
8862238173
8862253304
8862934943
8863828202
8866369907
8867118226
8867152340
8867168485
8867196519
8867287466
8867333756
8867503113
8867503893
8867788851
8868246233
8870166002
8870276599
8870358153
8870919979
8870932799
8871281568
8871770253
8871860973
8873498096
8875184317
8875641386
8876375910
8876829844
8877012861
8877702743
8878275144
8878684066
8879203465
8879243340
8879408535
8879425982
8879504028
8879661780
8880164133
8880193110
8880197660
8880222093
8880747466
8880770374
8880993568
8882111124
8882322982
8882351986
8882372832
8882893758
8882951254
8882956350
8883136257
8883285923
8884009230
8884016402
8884056509
8884071689
8884080882
8884099695
8884131663
8884289842
8884319969
8884403013
8884410989
8884525692
8884546412
8884611195
8884675822
8884723088
8884728660
8884800278
8884850449
8885071099
8885102101
8885119604
8885125497
8885126419
8885132633
8885133204
8885158398
8885168289
8885187116
8885210956
8885239416
8885257330
8885288150
8885350500
8885358277
8885371746
8885378005
8885385123
8885391120
8885393861
8885397362
8885399128
8885400947
8885433093
8885433765
8885434919
8885447506
8885457427
8885459035
8885465059
8885498018
8885548767
8885550661
8885553251
8885574252
8885589754
8885589755
8885624252
8885630131
8885662711
8885671262
8885677297
8885688884
8885723503
8885729272
8885735423
8885756616
8885790802
8885827274
8885832184
8885858398
8885860331
8885878806
8885883082
8885923158
8885944727
8885980012
8885999289
8886010819
8886021976
8886030056
8886049721
8886059880
8886071300
8886075398
8886078208
8886078840
8886119225
8886120819
8886123519
8886125912
8886126682
8886129976
8886130077
8886131599
8886136456
8886136791
8886152869
8886154876
8886176948
8886192224
8886196601
8886197471
8886197986
8886212869
8886228688
8886253655
8886254283
8886278175
8886279221
8886295917
8886306119
8886308900
8886312629
8886316835
8886320381
8886320533
8886320881
8886323394
8886330192
8886335041
8886336033
8886343008
8886345867
8886348709
8886364753
8886371070
8886430300
8886437250
8886455264
8886483661
8886487695
8886512713
8886519452
8886523963
8886539269
8886547941
8886555691
8886572218
8886586086
8886718544
8886718834
8886719434
8886719849
8886720058
8886720356
8886721003
8886721559
8886723260
8886751593
8886768489
8886770690
8886770962
8886821750
8886824903
8886826006
8886867850
8886932640
8886933181
8886941448
8886956501
8886967216
8886967256
8886968424
8886968472
8886976240
8888218056
8888378532
8888683848
8889295364
8890343357
8890832005
8890943598
8891440003
8891910631
8892041818
8892122612
8892209142
8892286527
8892305196
8892383117
8892409738
8892425919
8892568706
8892634611
8892768484
8892907260
8892913696
8892936027
8894999340
8895309204
8895516927
8895522859
8896447368
8897004896
8897006498
8897007790
8897011730
8897012865
8897025572
8897030278
8897052162
8897057773
8897068086
8897089490
8897090382
8897093701
8897099260
8897100215
8897115115
8897118546
8897124648
8897153741
8897165637
8897168740
8897172909
8897182272
8897182460
8897195338
8897204091
8897209801
8897222630
8897227257
8897233394
8897246012
8897264100
8897273165
8897274127
8897275437
8897303492
8897310302
8897313168
8897345559
8897348001
8897354304
8897361359
8897367612
8897371126
8897373194
8897377515
8897386658
8897386935
8897395851
8897417577
8897438402
8897441077
8897446673
8897462764
8897469760
8897476734
8897484314
8897493817
8897505932
8897520544
8897523070
8897524775
8897531226
8897558012
8897574317
8897576329
8897582346
8897586369
8897606864
8897611824
8897613039
8897614167
8897617219
8897619389
8897655197
8897658624
8897663276
8897676313
8897700924
8897708901
8897721374
8897723093
8897729447
8897736448
8897747846
8897760678
8897767139
8897770702
8897787594
8897793327
8897804538
8897807660
8897818475
8897826466
8897838682
8897842102
8897847801
8897852812
8897855858
8897862155
8897863758
8897865897
8897868558
8897870343
8897877075
8897882489
8897889600
8897898846
8897908572
8897912843
8897936055
8897940945
8897943794
8897948117
8897950905
8897958454
8897963955
8897988493
8897989297
8897994878
8898478805
8901468119
8903612302
8903843937
8904010003
8904117806
8904286417
8904296336
8904399032
8904510120
8904548427
8904709834
8904853700
8907158403
8908705717
8908913450
8912506572
8912541779
8912548765
8912558398
8912703403
8912708587
8912714000
8912728359
8912783074
8916993556
8922070123
8922206799
8922270451
8922274353
8924221999
8924243581
8925142211
8926697073
8926838775
8928621435
8928852650
8930205398
8930493254
8931222192
8939124993
8939137468
8939202446
8939428944
8939603823
8939617215
8939633563
8939706513
8939757726
8939819358
8939819355
8939898661
8939962862
8940059764
8940099755
8940126540
8940155630
8940167806
8940256642
8940420999
8940447733
8940475434
8940475470
8940479879
8940572806
8940606630
8940647797
8940918385
8941251401
8942060215
8942225090
8942225642
8943759429
8944819861
8947235284
8951172427
8951332317
8951378989
8951379193
8951431710
8951549525
8951726661
8951850166
8951955882
8952283035
8952289606
8953244250
8954046703
8954760787
8954905490
8956676500
8959753286
8960356240
8961791904
8965880604
8967013419
8968363895
8968495776
8970029102
8970032903
8970115612
8970262678
8970293688
8970312184
8970780696
8970831871
8970914381
8971119114
8971203535
8971220204
8971419664
8971425058
8971540788
8971644270
8971728008
8971916404
8971931522
8972448104
8972848305
8973235585
8973667944
8973727138
8975056256
8975090626
8975332558
8975727554
8976266202
8976381091
8976713643
8977002098
8977010121
8977023940
8977047428
8977076028
8977082648
8977140443
8977148775
8977153400
8977185520
8977186220
8977195282
8977220774
8977234109
8977240352
8977260683
8977272095
8977273960
8977278571
8977314194
8977324780
8977327109
8977335088
8977344062
8977367857
8977380171
8977380898
8977416556
8977421301
8977429669
8977439635
8977449840
8977453315
8977456288
8977458561
8977464680
8977489240
8977503975
8977507431
8977513800
8977515479
8977541157
8977568138
8977600414
8977630424
8977652295
8977657760
8977667434
8977687926
8977747117
8977767818
8977781746
8977786255
8977798506
8977820488
8977836654
8977839603
8977887333
8977906987
8977907780
8978011394
8978023552
8978039610
8978042841
8978061864
8978061954
8978062132
8978064680
8978071245
8978071827
8978089247
8978096580
8978106942
8978109992
8978111348
8978117816
8978125750
8978127962
8978144373
8978145122
8978151088
8978154316
8978158803
8978166565
8978172442
8978187050
8978191209
8978199378
8978208907
8978225108
8978228742
8978231345
8978231653
8978234726
8978250507
8978258227
8978277383
8978290699
8978291078
8978303365
8978315437
8978331880
8978335108
8978345059
8978356062
8978369524
8978384159
8978386971
8978403975
8978407363
8978408521
8978411158
8978417931
8978425980
8978427292
8978431658
8978436100
8978445483
8978447335
8978451727
8978457160
8978460065
8978463272
8978474377
8978476275
8978481163
8978484650
8978489411
8978508634
8978516794
8978519970
8978537486
8978549401
8978550568
8978554857
8978555308
8978557615
8978564795
8978582829
8978590307
8978595093
8978610734
8978616363
8978621135
8978622781
8978633583
8978649885
8978662684
8978706132
8978712678
8978713118
8978713638
8978736412
8978750961
8978751328
8978762503
8978767288
8978797136
8978810353
8978812279
8978824924
8978841672
8978843492
8978845979
8978849407
8978858112
8978858705
8978862877
8978864869
8978875811
8978886656
8978898595
8978899101
8978900899
8978910611
8978918050
8978924001
8978960594
8978978247
8978990102
8978990492
8980016008
8980026809
8980777788
8980987978
8981239839
8982007882
8983127993
8983162167
8983667484
8984040488
8984240113
8984271045
8984384978
8984478438
8984544904
8984644664
8985000955
8985015206
8985021368
8985026445
8985033156
8985043779
8985050191
8985055880
8985070759
8985106759
8985112598
8985127896
8985143858
8985153725
8985153783
8985155769
8985167553
8985175012
8985182410
8985186570
8985188375
8985198035
8985202171
8985202782
8985219591
8985244584
8985247217
8985255281
8985261897
8985265516
8985267042
8985274402
8985279747
8985282794
8985282946
8985303130
8985303423
8985315166
8985325654
8985334077
8985334334
8985338463
8985345104
8985354684
8985356722
8985368043
8985372513
8985385019
8985424685
8985440956
8985462448
8985463806
8985464095
8985464715
8985465516
8985482482
8985482840
8985484267
8985494762
8985495366
8985523593
8985523757
8985532625
8985536277
8985537797
8985542081
8985548069
8985548140
8985559273
8985566526
8985570308
8985575785
8985607167
8985607993
8985628356
8985639184
8985642478
8985664898
8985688408
8985690420
8985691765
8985700580
8985707059
8985721266
8985722574
8985724241
8985751057
8985754920
8985763249
8985765626
8985771467
8985781131
8985792864
8985797220
8985805719
8985810669
8985819334
8985821174
8985825702
8985827023
8985835426
8985842653
8985844396
8985850512
8985856165
8985861226
8985866531
8985870443
8985871981
8985875569
8985880989
8985895103
8985910064
8985917951
8985935382
8985972082
8985985127
8985991290
8985994617
8985997430
8987259525